1.00000000e+00 0.00000000e+00 0.00000000e+00 0.00000000e+00 0.00000000e+00 1.00000000e+00 0.00000000e+00 0.00000000e+00 0.00000000e+00 0.00000000e+00 1.00000000e+00 0.00000000e+00
9.99983878e-01 -3.66002421e-03 4.33807097e-03 -8.17310521e-03 3.64298202e-03 9.99985589e-01 3.92996663e-03 -8.70557718e-03 -4.35239253e-03 -3.91409994e-03 9.99982843e-01 -2.43649693e-03
9.99993697e-01 3.27484342e-04 3.52954355e-03 -1.64069971e-02 -4.31637570e-04 9.99563135e-01 2.95488468e-02 -1.29301710e-02 -3.51832514e-03 -2.95501858e-02 9.99557100e-01 -7.58603664e-03
9.99978456e-01 4.20057125e-03 5.04653677e-03 -2.05895788e-02 -4.33244908e-03 9.99641619e-01 2.64121363e-02 1.34343867e-03 -4.93378288e-03 -2.64334306e-02 9.99638401e-01 -1.30608454e-02
9.99979211e-01 3.76301507e-04 6.43371030e-03 -2.00553236e-02 -6.27079255e-04 9.99237997e-01 3.90212407e-02 -1.06736657e-02 -6.41412530e-03 -3.90244663e-02 9.99217650e-01 -2.04806026e-02
9.99998606e-01 1.61080744e-03 3.93318285e-04 -2.29029539e-02 -1.60293441e-03 9.99813054e-01 -1.92577036e-02 1.95514041e-02 -4.24265324e-04 1.92570566e-02 9.99814430e-01 -3.79804016e-02
9.99999418e-01 9.82949679e-04 3.50732829e-04 -2.50169160e-02 -9.77035372e-04 9.99863469e-01 -1.64823961e-02 2.61113695e-02 -3.66886390e-04 1.64820534e-02 9.99864070e-01 -4.56188556e-02
9.99986742e-01 -2.13365332e-03 4.67618063e-03 -3.42018741e-02 2.55467340e-03 9.95758976e-01 -9.19629615e-02 5.54735329e-02 -4.46013247e-03 9.19737146e-02 9.95751398e-01 -5.60133618e-02
9.99959710e-01 -7.38889269e-03 -5.09127778e-03 -4.35351289e-02 7.00305513e-03 9.97377526e-01 -7.20332796e-02 6.83218305e-02 5.61017264e-03 7.19947499e-02 9.97389204e-01 -6.35247239e-02
9.99978584e-01 -3.05163976e-03 -5.78806204e-03 -3.51109592e-02 2.53924516e-03 9.96243728e-01 -8.65549609e-02 6.85908099e-02 6.03045535e-03 8.65384349e-02 9.96230272e-01 -6.67954087e-02
9.99936543e-01 -9.31966296e-03 -6.33212838e-03 -3.05462991e-02 8.79036312e-03 9.96834315e-01 -7.90183632e-02 7.79972577e-02 7.04850804e-03 7.89577122e-02 9.96853046e-01 -7.14188159e-02
9.99908473e-01 -5.31245386e-03 -1.24420498e-02 -2.66521868e-02 3.87060371e-03 9.93568301e-01 -1.13167499e-01 8.67597502e-02 1.29632240e-02 1.13109018e-01 9.93498009e-01 -7.97593019e-02
9.99890288e-01 -7.13646747e-03 -1.29768993e-02 -2.99825214e-02 5.63187777e-03 9.93636606e-01 -1.12491775e-01 9.72018075e-02 1.36971166e-02 1.12406389e-01 9.93567889e-01 -8.47305196e-02
9.99925865e-01 -1.16777198e-02 -3.43692753e-03 -3.99459970e-02 1.11502077e-02 9.91929157e-01 -1.26301415e-01 1.02623328e-01 4.88409966e-03 1.26253767e-01 9.91985979e-01 -9.26055294e-02
9.99964951e-01 -7.26459080e-03 -4.15231548e-03 -4.09467073e-02 6.70403451e-03 9.92512759e-01 -1.21955929e-01 1.04951136e-01 5.00718471e-03 1.21923851e-01 9.92526843e-01 -9.49804811e-02
9.99964559e-01 -7.01232172e-03 4.64200935e-03 -5.13348657e-02 7.54250211e-03 9.91963821e-01 -1.26295615e-01 1.04881451e-01 -3.71908251e-03 1.26326188e-01 9.91981786e-01 -9.96209622e-02
9.99964988e-01 -7.34441528e-03 3.97891038e-03 -5.33656254e-02 7.72591594e-03 9.94300321e-01 -1.06333420e-01 1.05410917e-01 -3.17527765e-03 1.06360472e-01 9.94322542e-01 -1.05288951e-01
9.99949644e-01 -8.79448760e-03 4.81394547e-03 -5.46414364e-02 9.29661294e-03 9.93112791e-01 -1.16791160e-01 1.09935443e-01 -3.75367520e-03 1.16830065e-01 9.93144807e-01 -1.11603927e-01
9.99907449e-01 -1.08806972e-02 8.15048531e-03 -5.71620531e-02 1.18506434e-02 9.91396174e-01 -1.30355935e-01 1.21189802e-01 -6.66200038e-03 1.30440497e-01 9.91433709e-01 -1.15480902e-01
9.99860221e-01 -1.20378088e-02 1.15865092e-02 -6.34525493e-02 1.34119055e-02 9.91820589e-01 -1.26930632e-01 1.13062505e-01 -9.96377762e-03 1.27068329e-01 9.91843820e-01 -1.17718784e-01
9.99739558e-01 -1.54327928e-02 1.68026770e-02 -6.80543029e-02 1.74280200e-02 9.91886109e-01 -1.25926681e-01 1.11252104e-01 -1.47229497e-02 1.26186756e-01 9.91897157e-01 -1.25159731e-01
